HMMER3/b [3.0b3 | November 2009]
NAME  PFEMP
ACC   PF03011.8
DESC  PFEMP DBL domain
LENG  151
ALPH  amino
RF    no
CS    no
MAP   yes
DATE  Thu Sep 10 16:10:53 2009
NSEQ  41
EFFN  2.124573
CKSUM 2605181591
GA    21.40 21.40
TC    21.50 21.40
NC    21.30 21.30
STATS LOCAL MSV      -10.4279  0.70931
STATS LOCAL VITERBI  -11.3702  0.70931
STATS LOCAL FORWARD   -3.8783  0.70931
HMM          A        C        D        E        F        G        H        I        K        L        M        N        P        Q        R        S        T        V        W        Y   
            m->m     m->i     m->d     i->m     i->i     d->m     d->d
  COMPO   2.71883  3.40718  2.82261  2.39263  3.47493  3.26539  3.60969  2.98778  2.22832  2.65804  3.86523  2.83955  3.81190  2.85229  2.98026  2.73177  2.87820  2.97932  3.93764  3.72947
          2.68618  4.42225  2.77519  2.73123  3.46354  2.40513  3.72494  3.29354  2.67741  2.69355  4.24690  2.90347  2.73739  3.18146  2.89801  2.37887  2.77519  2.98518  4.58477  3.61503
          0.01405  4.66783  5.39018  0.61958  0.77255  0.00000        *
      1   3.48691  3.81672  5.25590  4.71036  1.27944  4.65775  4.74255  2.65758  4.53631  1.07794  3.28887  4.74724  4.91950  4.56909  4.55385  4.00815  3.71776  2.72845  4.98763  3.61575      1 - -
          2.68618  4.42225  2.77519  2.73123  3.46354  2.40513  3.72494  3.29354  2.67741  2.69355  4.24690  2.90347  2.73739  3.18146  2.89801  2.37887  2.77519  2.98518  4.58477  3.61503
          0.01405  4.66783  5.39018  0.61958  0.77255  0.48576  0.95510
      2   3.63888  4.91992  5.41365  4.86523  0.95661  4.89187  4.98450  2.40730  4.71451  1.51825  3.26367  4.95947  5.08213  4.72048  4.73527  4.24735  3.85959  2.23967  5.18185  3.86616      2 - -
          2.68618  4.42225  2.77519  2.73123  3.46354  2.40513  3.72494  3.29354  2.67741  2.69355  4.24690  2.90347  2.73739  3.18146  2.89801  2.37887  2.77519  2.98518  4.58477  3.61503
          0.01405  4.66783  5.39018  0.61958  0.77255  0.48576  0.95510
      3   2.67304  5.09036  3.08438  2.36525  4.37038  3.55993  3.34187  3.81150  2.03278  3.36635  3.89106  2.78592  3.95107  2.41291  2.90425  2.75691  2.76765  3.44574  2.80741  2.86744      3 - -
          2.68618  4.42225  2.77519  2.73123  3.46354  2.40513  3.72494  3.29354  2.67741  2.69355  4.24690  2.90347  2.73739  3.18146  2.89801  2.37887  2.77519  2.98518  4.58477  3.61503
          0.01405  4.66783  5.39018  0.61958  0.77255  0.48576  0.95510
      4   2.75324  5.00721  2.73667  2.56463  3.06208  3.32541  3.29920  3.68695  2.38063  3.10735  3.77163  3.09028  3.96324  2.91119  1.85928  2.55739  2.98439  3.34786  5.49769  3.19656      4 - -
          2.68618  4.42225  2.77519  2.73123  3.46354  2.40513  3.72494  3.29354  2.67741  2.69355  4.24690  2.90347  2.73739  3.18146  2.89801  2.37887  2.77519  2.98518  4.58477  3.61503
          0.01405  4.66783  5.39018  0.61958  0.77255  0.48576  0.95510
      5   3.61406  5.20866  4.63509  4.39955  3.12646  4.21262  4.39937  4.11920  4.06780  3.57165  4.73102  4.40667  4.81668  4.47307  4.19271  3.15133  4.00812  3.89533  0.46093  3.08931      5 - -
          2.68618  4.42225  2.77519  2.73123  3.46354  2.40513  3.72494  3.29354  2.67741  2.69355  4.24690  2.90347  2.73739  3.18146  2.89801  2.37887  2.77519  2.98518  4.58477  3.61503
          0.01405  4.66783  5.39018  0.61958  0.77255  0.48576  0.95510
      6   3.09841  4.69660  5.41937  4.90040  3.88597  4.90752  5.45308  1.70149  4.79597  1.64037  3.67896  5.03846  5.16162  4.98782  4.91586  4.29026  3.69657  0.88029  5.84011  4.66728      6 - -
          2.68618  4.42225  2.77519  2.73123  3.46354  2.40513  3.72494  3.29354  2.67741  2.69355  4.24690  2.90347  2.73739  3.18146  2.89801  2.37887  2.77519  2.98518  4.58477  3.61503
          0.01405  4.66783  5.39018  0.61958  0.77255  0.48576  0.95510
      7   2.23134  5.18452  3.03280  1.95634  4.49848  3.32261  3.17927  3.38752  2.38848  3.47618  4.23361  3.01907  3.93106  2.62764  2.40561  2.51805  2.64187  3.55836  5.63603  3.77906      7 - -
          2.68618  4.42225  2.77519  2.73123  3.46354  2.40513  3.72494  3.29354  2.67741  2.69355  4.24690  2.90347  2.73739  3.18146  2.89801  2.37887  2.77519  2.98518  4.58477  3.61503
          0.01405  4.66783  5.39018  0.61958  0.77255  0.48576  0.95510
      8   2.79221  5.24980  2.45311  2.21993  4.56490  3.54203  2.45690  4.04023  2.50829  3.54307  4.29972  2.51408  3.95098  2.86156  2.73417  2.69475  3.02554  3.62713  5.69287  2.26425      8 - -
          2.68618  4.42225  2.77519  2.73123  3.46354  2.40513  3.72494  3.29354  2.67741  2.69355  4.24690  2.90347  2.73739  3.18146  2.89801  2.37887  2.77519  2.98518  4.58477  3.61503
          0.01405  4.66783  5.39018  0.61958  0.77255  0.48576  0.95510
      9   3.66151  4.94913  5.44186  4.86755  1.36651  4.90630  5.06303  2.61183  4.71101  1.53659  1.47341  4.99314  5.07077  4.69148  4.71623  4.25590  3.87390  2.64461  5.25025  4.05145      9 - -
          2.68618  4.42225  2.77519  2.73123  3.46354  2.40513  3.72494  3.29354  2.67741  2.69355  4.24690  2.90347  2.73739  3.18146  2.89801  2.37887  2.77519  2.98518  4.58477  3.61503
          0.01405  4.66783  5.39018  0.61958  0.77255  0.48576  0.95510
     10   3.80094  5.04014  5.67245  5.10232  2.96668  5.16326  5.46402  2.30571  4.97208  0.60358  3.17406  5.28785  5.25549  4.91429  4.96765  4.54032  4.01390  1.98747  5.56179  4.53428     10 - -
          2.68618  4.42225  2.77519  2.73123  3.46354  2.40513  3.72494  3.29354  2.67741  2.69355  4.24690  2.90347  2.73739  3.18146  2.89801  2.37887  2.77519  2.98518  4.58477  3.61503
          0.01405  4.66783  5.39018  0.61958  0.77255  0.48576  0.95510
     11   2.76054  5.26355  2.54129  1.94241  4.60647  3.53013  2.98975  3.33121  1.98137  3.56678  4.30546  2.55577  3.92541  2.70378  2.50946  2.72348  2.99157  3.65318  5.69617  4.28810     11 - -
          2.68618  4.42225  2.77519  2.73123  3.46354  2.40513  3.72494  3.29354  2.67741  2.69355  4.24690  2.90347  2.73739  3.18146  2.89801  2.37887  2.77519  2.98518  4.58477  3.61503
          0.01405  4.66783  5.39018  0.61958  0.77255  0.48576  0.95510
     12   3.42052  6.00747  0.61305  2.31413  5.14514  3.61620  4.20090  4.79706  3.28917  4.29440  5.18362  3.07545  4.26750  3.38789  3.91553  3.28559  3.72061  4.37724  6.39195  3.81482     12 - -
          2.68618  4.42225  2.77519  2.73123  3.46354  2.40513  3.72494  3.29354  2.67741  2.69355  4.24690  2.90347  2.73739  3.18146  2.89801  2.37887  2.77519  2.98518  4.58477  3.61503
          0.01405  4.66783  5.39018  0.61958  0.77255  0.48576  0.95510
     13   2.84921  4.78304  3.41279  2.90851  3.68624  3.69657  3.03505  3.41196  2.87615  3.05998  3.93835  3.36019  4.12264  3.22497  3.27282  1.56367  2.75192  3.14108  5.13423  1.95401     13 - -
          2.68618  4.42225  2.77519  2.73123  3.46354  2.40513  3.72494  3.29354  2.67741  2.69355  4.24690  2.90347  2.73739  3.18146  2.89801  2.37887  2.77519  2.98518  4.58477  3.61503
          0.01405  4.66783  5.39018  0.61958  0.77255  0.48576  0.95510
     14   2.78387  4.56168  3.56552  2.91226  3.71447  3.73651  3.97722  1.75441  2.62911  2.62034  3.38909  1.96358  4.11736  3.26953  3.29932  2.97881  3.01515  2.67447  5.14404  3.89890     14 - -
          2.68618  4.42225  2.77519  2.73123  3.46354  2.40513  3.72494  3.29354  2.67741  2.69355  4.24690  2.90347  2.73739  3.18146  2.89801  2.37887  2.77519  2.98518  4.58477  3.61503
          0.01405  4.66783  5.39018  0.61958  0.77255  0.48576  0.95510
     15   2.76423  5.24333  2.59603  2.15384  4.57902  3.53837  3.11452  3.55877  1.64414  3.54209  4.28749  3.01042  3.93176  2.82367  2.42256  2.73167  2.99446  3.62927  5.67888  3.47609     15 - -
          2.68618  4.42225  2.77519  2.73123  3.46354  2.40513  3.72494  3.29354  2.67741  2.69355  4.24690  2.90347  2.73739  3.18146  2.89801  2.37887  2.77519  2.98518  4.58477  3.61503
          0.01405  4.66783  5.39018  0.61958  0.77255  0.48576  0.95510
     16   2.98632  4.38843  4.66083  4.08018  3.21897  4.12445  4.35722  1.73140  3.88298  1.90049  3.36853  4.17936  4.47375  4.07459  3.98168  3.15898  3.22029  2.48054  1.59488  3.54771     16 - -
          2.68618  4.42225  2.77519  2.73123  3.46354  2.40513  3.72494  3.29354  2.67741  2.69355  4.24690  2.90347  2.73739  3.18146  2.89801  2.37887  2.77519  2.98518  4.58477  3.61503
          0.01405  4.66783  5.39018  0.61958  0.77255  0.48576  0.95510
     17   3.29784  5.57791  3.63528  2.75505  5.06887  3.93757  3.88038  4.42360  1.26949  3.80901  4.63570  2.74734  4.29318  2.84087  1.33934  3.25874  3.46358  4.05717  5.82372  4.62044     17 - -
          2.68619  4.42226  2.77521  2.73124  3.46355  2.40514  3.72496  3.29355  2.67742  2.69356  4.24691  2.90348  2.73741  3.18148  2.89802  2.37888  2.77499  2.98520  4.58478  3.61504
          0.06167  2.89599  5.39018  0.37685  1.15842  0.48576  0.95510
     18   2.57812  5.26973  2.48779  2.09194  4.61139  3.31161  2.67833  4.09577  1.83087  3.57321  4.31213  2.77129  3.92696  2.82105  2.83926  2.65791  2.72141  3.65870  5.70347  4.29307     19 - -
          2.68618  4.42225  2.77519  2.73123  3.46354  2.40513  3.72494  3.29354  2.67741  2.69355  4.24690  2.90347  2.73739  3.18146  2.89801  2.37887  2.77519  2.98518  4.58477  3.61503
          0.01405  4.66783  5.39018  0.61958  0.77255  0.48576  0.95510
     19   3.15870  5.51234  3.41119  2.12538  4.95663  3.82558  3.84999  4.35207  1.08458  3.76306  4.56661  3.29844  4.20108  2.36328  2.22208  3.11771  3.34732  3.96423  5.80824  4.54661     20 - -
          2.68618  4.42225  2.77519  2.73123  3.46354  2.40513  3.72494  3.29354  2.67741  2.69355  4.24690  2.90347  2.73739  3.18146  2.89801  2.37887  2.77519  2.98518  4.58477  3.61503
          0.01405  4.66783  5.39018  0.61958  0.77255  0.48576  0.95510
     20   2.91737  4.32813  4.58045  3.98925  3.27412  4.06189  3.27136  1.56857  3.81935  1.33904  3.30559  4.11384  4.40848  4.00243  3.92673  3.36568  3.14789  2.36205  4.88435  3.32100     21 - -
          2.68618  4.42225  2.77519  2.73123  3.46354  2.40513  3.72494  3.29354  2.67741  2.69355  4.24690  2.90347  2.73739  3.18146  2.89801  2.37887  2.77519  2.98518  4.58477  3.61503
          0.01405  4.66783  5.39018  0.61958  0.77255  0.48576  0.95510
     21   2.79297  5.29886  2.33643  2.39688  4.63713  2.98777  3.74576  4.12200  1.84396  3.60132  4.34482  2.62218  3.94406  2.67939  2.99205  2.01170  2.78748  3.68655  5.73418  4.32064     22 - -
          2.68618  4.42225  2.77519  2.73123  3.46354  2.40513  3.72494  3.29354  2.67741  2.69355  4.24690  2.90347  2.73739  3.18146  2.89801  2.37887  2.77519  2.98518  4.58477  3.61503
          0.01405  4.66783  5.39018  0.61958  0.77255  0.48576  0.95510
     22   2.75612  5.19703  3.03257  2.47620  4.51605  3.37908  2.69590  3.98219  2.06543  3.36201  4.24552  2.48480  3.02652  2.83403  2.53193  2.33258  2.86266  3.00060  5.64517  4.25323     23 - -
          2.68618  4.42225  2.77519  2.73123  3.46354  2.40513  3.72494  3.29354  2.67741  2.69355  4.24690  2.90347  2.73739  3.18146  2.89801  2.37887  2.77519  2.98518  4.58477  3.61503
          0.01405  4.66783  5.39018  0.61958  0.77255  0.48576  0.95510
     23   3.27651  0.32485  4.95084  4.72910  4.78031  3.88475  5.29253  4.18815  4.35373  3.97071  5.01762  4.58637  4.63514  4.81146  3.68045  3.52308  3.78089  3.82791  6.11579  5.00767     24 - -
          2.68618  4.42225  2.77519  2.73123  3.46354  2.40513  3.72494  3.29354  2.67741  2.69355  4.24690  2.90347  2.73739  3.18146  2.89801  2.37887  2.77519  2.98518  4.58477  3.61503
          0.01405  4.66783  5.39018  0.61958  0.77255  0.48576  0.95510
     24   2.98413  4.38399  4.63769  4.05397  3.45650  4.16534  4.50623  1.21059  3.57283  1.80195  3.07519  4.20985  4.50805  4.10393  4.02922  3.47458  2.38115  2.25582  5.08749  3.91193     25 - -
          2.68618  4.42225  2.77519  2.73123  3.46354  2.40513  3.72494  3.29354  2.67741  2.69355  4.24690  2.90347  2.73739  3.18146  2.89801  2.37887  2.77519  2.98518  4.58477  3.61503
          0.01405  4.66783  5.39018  0.61958  0.77255  0.48576  0.95510
     25   2.83964  5.34442  2.81238  2.17551  4.68736  3.55437  3.77003  4.16936  1.67853  3.64251  4.39186  1.87587  3.97364  2.60156  2.87219  2.61985  3.07264  3.73520  5.76892  4.36086     26 - -
          2.68618  4.42225  2.77519  2.73123  3.46354  2.40513  3.72494  3.29354  2.67741  2.69355  4.24690  2.90347  2.73739  3.18146  2.89801  2.37887  2.77519  2.98518  4.58477  3.61503
          0.01405  4.66783  5.39018  0.61958  0.77255  0.48576  0.95510
     26   2.86692  5.36965  2.52031  2.39123  4.70370  3.54920  3.80141  4.18778  1.70716  3.67013  4.42610  1.73732  3.98870  2.91121  3.06477  2.56547  2.79463  3.75695  5.80693  4.38971     27 - -
          2.68618  4.42225  2.77519  2.73123  3.46354  2.40513  3.72494  3.29354  2.67741  2.69355  4.24690  2.90347  2.73739  3.18146  2.89801  2.37887  2.77519  2.98518  4.58477  3.61503
          0.01405  4.66783  5.39018  0.61958  0.77255  0.48576  0.95510
     27   2.57218  5.26571  2.12927  2.13067  4.59924  2.23648  3.73845  4.07914  2.29937  3.56712  4.31314  2.87747  3.61865  2.84098  2.98262  2.65671  2.67900  3.39981  5.70661  4.29848     28 - -
          2.68618  4.42225  2.77519  2.73123  3.46354  2.40513  3.72494  3.29354  2.67741  2.69355  4.24690  2.90347  2.73739  3.18146  2.89801  2.37887  2.77519  2.98518  4.58477  3.61503
          0.01405  4.66783  5.39018  0.61958  0.77255  0.48576  0.95510
     28   2.85038  5.36886  2.57489  2.03648  4.70614  3.54426  3.78461  4.19428  1.71912  3.66863  4.41799  1.95786  3.97639  2.73215  3.04223  2.80149  2.71852  3.75656  5.79881  4.37890     29 - -
          2.68618  4.42225  2.77519  2.73123  3.46354  2.40513  3.72494  3.29354  2.67741  2.69355  4.24690  2.90347  2.73739  3.18146  2.89801  2.37887  2.77519  2.98518  4.58477  3.61503
          0.21728  4.66783  1.68254  0.61958  0.77255  0.48576  0.95510
     29   2.61655  5.08839  2.98711  2.24100  4.39029  2.30070  3.67512  3.84488  2.22498  3.03339  4.14192  2.84546  3.87673  2.63127  2.61515  2.48878  2.71295  3.22286  5.54739  4.16713     30 - -
          2.68618  4.42225  2.77519  2.73123  3.46354  2.40513  3.72494  3.29354  2.67741  2.69355  4.24690  2.90347  2.73739  3.18146  2.89801  2.37887  2.77519  2.98518  4.58477  3.61503
          0.59109  4.46775  0.83286  0.61958  0.77255  0.33060  1.26758
     30   2.67122  4.87698  2.81519  2.31997  4.12523  2.70978  3.68139  2.47577  1.95585  3.13838  3.95686  2.98336  3.86605  2.83393  2.91563  2.69823  2.90505  3.20953  5.37799  4.04290     31 - -
          2.68618  4.42225  2.77519  2.73123  3.46354  2.40513  3.72494  3.29354  2.67741  2.69355  4.24690  2.90347  2.73739  3.18146  2.89801  2.37887  2.77519  2.98518  4.58477  3.61503
          0.02175  4.23490  4.95725  0.61958  0.77255  0.83210  0.57117
     31   2.67562  5.05357  2.96261  2.34759  4.35603  3.45845  3.64427  3.80502  1.72734  3.33557  3.79956  2.46041  3.85230  2.65049  2.83437  2.41608  2.73905  3.42194  5.50813  3.79784     32 - -
          2.68618  4.42225  2.77519  2.73123  3.46354  2.40513  3.72494  3.29354  2.67741  2.69355  4.24690  2.90347  2.73739  3.18146  2.89801  2.37887  2.77519  2.98518  4.58477  3.61503
          0.01978  4.32882  5.05117  0.61958  0.77255  0.71860  0.66833
     32   2.68200  2.56199  3.13193  2.29505  4.01669  3.52843  3.46151  3.41998  2.41720  2.95392  3.87780  3.08500  3.68769  2.80773  3.00450  2.49811  2.24150  3.11921  5.31699  4.00267     33 - -
          2.68619  4.42226  2.77520  2.73117  3.46355  2.40514  3.72495  3.29355  2.67742  2.69356  4.24691  2.90347  2.73733  3.18147  2.89802  2.37888  2.77520  2.98519  4.58478  3.61504
          0.24049  2.91175  1.83650  0.42086  1.06852  0.31450  1.30991
     33   2.57619  2.13844  3.35197  2.82300  4.06082  2.65992  3.59838  3.45840  2.81225  3.11223  3.95359  2.42811  3.98030  3.14451  3.23454  2.28710  2.44505  3.13638  5.40113  4.11789     35 - -
          2.68618  4.42225  2.77519  2.73123  3.46354  2.40513  3.72494  3.29354  2.67741  2.69355  4.24690  2.90347  2.73739  3.18146  2.89801  2.37887  2.77519  2.98518  4.58477  3.61503
          0.01601  4.53857  5.26092  0.61958  0.77255  0.36959  1.17446
     34   2.76827  4.98675  3.03921  2.59683  4.23419  3.59097  3.78653  2.21178  1.77770  3.24678  4.05617  2.90565  3.77599  2.93194  2.56998  2.79644  2.57718  3.32385  5.48042  3.73473     36 - -
          2.68618  4.42225  2.77519  2.73123  3.46354  2.40513  3.72494  3.29354  2.67741  2.69355  4.24690  2.90347  2.73739  3.18146  2.89801  2.37887  2.77519  2.98518  4.58477  3.61503
          0.01405  4.66783  5.39018  0.61958  0.77255  0.48576  0.95510
     35   2.82011  2.00530  2.90064  2.46016  4.42167  3.58078  3.80612  3.85670  1.92426  3.41660  4.21069  2.22286  3.99602  2.93774  3.02044  2.82051  2.95027  3.49574  5.61553  4.25697     37 - -
          2.68618  4.42225  2.77519  2.73123  3.46354  2.40513  3.72494  3.29354  2.67741  2.69355  4.24690  2.90347  2.73739  3.18146  2.89801  2.37887  2.77519  2.98518  4.58477  3.61503
          0.04228  4.66783  3.44191  0.61958  0.77255  0.48576  0.95510
     36   2.74307  5.04716  2.90697  2.12846  3.98265  2.80409  3.74996  2.30732  2.31280  3.15645  4.10886  2.57038  3.94360  2.74070  2.99992  2.75014  2.80842  3.18345  5.52832  4.16866     38 - -
          2.68638  4.42245  2.77532  2.73133  3.46373  2.40470  3.72514  3.29374  2.67683  2.69375  4.24709  2.90285  2.73759  3.18166  2.89786  2.37891  2.77539  2.98538  4.58497  3.61523
          0.48347  1.04021  3.50731  0.68349  0.70290  0.45340  1.00913
     37   3.77182  0.17932  5.32633  5.26999  5.20636  4.17279  5.77090  4.58320  5.15068  4.40692  5.56837  5.10017  4.91905  5.46089  5.11619  4.03773  4.29920  4.24801  6.35565  5.46829     41 - -
          2.68618  4.42225  2.77519  2.73123  3.46354  2.40513  3.72494  3.29354  2.67741  2.69355  4.24690  2.90347  2.73739  3.18146  2.89801  2.37887  2.77519  2.98518  4.58477  3.61503
          0.11925  4.64293  2.27516  0.61958  0.77255  0.45656  1.00365
     38   2.74324  5.18626  3.00321  2.35443  4.51026  3.37455  3.46190  3.61251  1.65087  3.47812  4.23460  2.12864  3.70318  2.61219  2.89856  2.71692  2.97290  3.56611  5.62700  3.75355     42 - -
          2.68618  4.42225  2.77519  2.73123  3.46354  2.40513  3.72494  3.29354  2.67741  2.69355  4.24690  2.90347  2.73739  3.18146  2.89801  2.37887  2.77519  2.98518  4.58477  3.61503
          0.01555  4.56725  5.28959  0.61958  0.77255  0.66271  0.72454
     39   2.72025  5.16873  2.77823  2.37788  4.48910  2.92007  3.69260  3.69247  1.91134  3.46315  4.21628  2.40291  3.89598  2.79774  2.73618  2.54539  2.34313  3.54610  4.59700  4.22143     43 - -
          2.68618  4.42225  2.77519  2.73123  3.46354  2.40513  3.72494  3.29354  2.67741  2.69355  4.24690  2.90347  2.73739  3.18146  2.89801  2.37887  2.77519  2.98518  4.58477  3.61503
          0.01555  4.56725  5.28959  0.61958  0.77255  0.66271  0.72454
     40   2.84188  5.34737  2.14565  2.42026  4.68327  3.50869  3.77423  4.16906  1.77327  3.65105  4.40898  1.91453  3.24193  2.88575  3.04912  2.79230  2.90134  3.73687  5.78808  4.36755     44 - -
          2.68618  4.42225  2.77519  2.73123  3.46354  2.40513  3.72494  3.29354  2.67741  2.69355  4.24690  2.90347  2.73739  3.18146  2.89801  2.37887  2.77519  2.98518  4.58477  3.61503
          0.01555  4.56725  5.28959  0.61958  0.77255  0.66271  0.72454
     41   2.69768  0.67698  4.61147  4.30978  4.13819  3.48097  4.85850  3.31323  4.04244  2.96736  4.29956  4.10208  4.23826  4.36980  4.16281  2.77617  3.19032  3.00575  5.69562  4.40850     45 - -
          2.68618  4.42225  2.77519  2.73123  3.46354  2.40513  3.72494  3.29354  2.67741  2.69355  4.24690  2.90347  2.73739  3.18146  2.89801  2.37887  2.77519  2.98518  4.58477  3.61503
          0.01555  4.56725  5.28959  0.61958  0.77255  0.66271  0.72454
     42   2.73588  5.22363  2.39321  1.77609  4.55710  2.89491  3.69670  3.73414  2.05652  3.09040  4.26853  2.81245  3.89890  2.72153  2.93261  2.70080  2.88247  3.60824  5.66206  4.25558     46 - -
          2.68618  4.42225  2.77519  2.73123  3.46354  2.40513  3.72494  3.29354  2.67741  2.69355  4.24690  2.90347  2.73739  3.18146  2.89801  2.37887  2.77519  2.98518  4.58477  3.61503
          0.01555  4.56725  5.28959  0.61958  0.77255  0.66271  0.72454
     43   2.73125  0.70299  4.18518  3.85964  4.26891  3.47592  4.62130  3.70466  3.55333  3.47048  4.38238  3.20310  4.19564  4.01385  3.38774  2.95534  3.19401  3.31952  5.68890  4.44888     47 - -
          2.68618  4.42225  2.77519  2.73123  3.46354  2.40513  3.72494  3.29354  2.67741  2.69355  4.24690  2.90347  2.73739  3.18146  2.89801  2.37887  2.77519  2.98518  4.58477  3.61503
          0.01555  4.56725  5.28959  0.61958  0.77255  0.38916  1.13205
     44   3.17011  4.52046  4.90395  4.35636  1.46682  4.31104  4.31140  2.57840  4.18001  2.29276  3.48844  4.35024  4.63990  4.28283  4.22528  3.63240  3.40042  1.40695  4.64212  2.50924     48 - -
          2.68618  4.42225  2.77519  2.73123  3.46354  2.40513  3.72494  3.29354  2.67741  2.69355  4.24690  2.90347  2.73739  3.18146  2.89801  2.37887  2.77519  2.98518  4.58477  3.61503
          0.01405  4.66783  5.39018  0.61958  0.77255  0.48576  0.95510
     45   2.67478  5.27260  2.63680  1.75017  4.61199  2.62128  3.72922  4.09452  2.06945  3.16482  4.31617  3.00070  3.93305  2.39262  2.85322  2.73505  3.00467  3.66047  5.70683  4.29800     49 - -
          2.68618  4.42225  2.77519  2.73123  3.46354  2.40513  3.72494  3.29354  2.67741  2.69355  4.24690  2.90347  2.73739  3.18146  2.89801  2.37887  2.77519  2.98518  4.58477  3.61503
          0.01405  4.66783  5.39018  0.61958  0.77255  0.48576  0.95510
     46   3.11932  5.47793  3.41488  2.25140  4.91331  3.80793  3.83439  4.31376  1.13734  3.73257  4.53066  3.28206  4.17833  2.53824  1.98679  3.08172  3.10263  3.92415  5.78540  4.51614     50 - -
          2.68619  4.42226  2.77520  2.73124  3.46354  2.40513  3.72495  3.29355  2.67741  2.69355  4.24690  2.90334  2.73740  3.18147  2.89801  2.37887  2.77520  2.98519  4.58477  3.61504
          0.03931  3.38180  5.39018  0.45999  0.99775  0.48576  0.95510
     47   4.17124  5.59677  4.98076  4.81989  3.97166  3.23595  5.05717  4.79078  4.61521  4.24009  5.38435  4.93147  5.07065  5.01736  4.69982  4.37622  4.56978  4.53612  0.24570  3.95430     52 - -
          2.68618  4.42225  2.77519  2.73123  3.46354  2.40513  3.72494  3.29354  2.67741  2.69355  4.24690  2.90347  2.73739  3.18146  2.89801  2.37887  2.77519  2.98518  4.58477  3.61503
          0.01405  4.66783  5.39018  0.61958  0.77255  0.48576  0.95510
     48   3.24942  4.54943  5.15964  4.61193  3.75344  3.78652  5.05721  1.25779  4.47571  1.80532  3.62195  4.71809  4.90209  4.66836  4.57913  3.94690  3.49566  1.22743  5.53008  4.34346     53 - -
          2.68618  4.42225  2.77519  2.73123  3.46354  2.40513  3.72494  3.29354  2.67741  2.69355  4.24690  2.90347  2.73739  3.18146  2.89801  2.37887  2.77519  2.98518  4.58477  3.61503
          0.01405  4.66783  5.39018  0.61958  0.77255  0.48576  0.95510
     49   2.76493  5.26321  2.89999  1.73305  4.60191  2.91487  3.72480  4.08424  1.96219  3.56559  4.30667  2.62583  3.72842  2.62637  2.95741  2.64650  2.65832  3.38589  5.69905  4.29033     54 - -
          2.68618  4.42225  2.77519  2.73123  3.46354  2.40513  3.72494  3.29354  2.67741  2.69355  4.24690  2.90347  2.73739  3.18146  2.89801  2.37887  2.77519  2.98518  4.58477  3.61503
          0.01405  4.66783  5.39018  0.61958  0.77255  0.48576  0.95510
     50   2.85359  5.25696  3.15192  2.37081  4.59755  3.61929  3.76099  3.51843  1.58647  3.14623  4.30755  3.10011  4.00420  1.86739  2.55185  2.83015  2.94779  3.64692  5.67111  4.31681     55 - -
          2.68618  4.42225  2.77519  2.73123  3.46354  2.40513  3.72494  3.29354  2.67741  2.69355  4.24690  2.90347  2.73739  3.18146  2.89801  2.37887  2.77519  2.98518  4.58477  3.61503
          0.01405  4.66783  5.39018  0.61958  0.77255  0.48576  0.95510
     51   3.96263  5.79086  4.18680  3.73179  5.38013  4.27194  4.51201  4.89336  0.31595  4.30423  5.28193  4.09365  4.76381  3.70063  2.95833  3.98930  4.18194  4.57790  6.13659  5.11355     56 - -
          2.68618  4.42225  2.77519  2.73123  3.46354  2.40513  3.72494  3.29354  2.67741  2.69355  4.24690  2.90347  2.73739  3.18146  2.89801  2.37887  2.77519  2.98518  4.58477  3.61503
          0.01405  4.66783  5.39018  0.61958  0.77255  0.48576  0.95510
     52   2.79113  5.26750  3.04609  1.91856  4.61250  3.13883  3.73158  3.84632  1.68365  3.56421  4.31196  3.02976  3.95051  2.58682  2.35023  2.64622  2.79112  3.65893  5.69243  4.30103     57 - -
          2.68618  4.42225  2.77519  2.73123  3.46354  2.40513  3.72494  3.29354  2.67741  2.69355  4.24690  2.90347  2.73739  3.18146  2.89801  2.37887  2.77519  2.98518  4.58477  3.61503
          0.01405  4.66783  5.39018  0.61958  0.77255  0.48576  0.95510
     53   2.33767  5.25921  2.55835  1.99934  4.59887  3.52805  3.44432  4.08165  1.92617  3.56203  4.30184  2.78291  3.92480  2.66020  2.95135  2.66292  2.42824  3.48481  5.69459  4.28581     58 - -
          2.68618  4.42225  2.77519  2.73123  3.46354  2.40513  3.72494  3.29354  2.67741  2.69355  4.24690  2.90347  2.73739  3.18146  2.89801  2.37887  2.77519  2.98518  4.58477  3.61503
          0.01405  4.66783  5.39018  0.61958  0.77255  0.48576  0.95510
     54   3.19605  5.71877  2.53568  0.76077  5.01341  3.61162  3.66457  4.52512  2.87619  4.00447  4.82215  3.07237  4.16703  3.17121  3.02384  3.10630  3.45701  4.10534  6.13575  4.68579     59 - -
          2.68618  4.42225  2.77520  2.73118  3.46354  2.40513  3.72495  3.29354  2.67741  2.69355  4.24690  2.90347  2.73740  3.18147  2.89801  2.37887  2.77520  2.98519  4.58477  3.61503
          0.02700  3.81320  5.39018  0.52527  0.89501  0.48576  0.95510
     55   3.86661  5.25330  4.79092  4.47071  2.36039  4.58620  3.98220  3.85255  4.23372  3.25565  4.44793  3.45767  4.99065  4.41468  4.34040  3.99939  4.13368  3.71418  0.61979  2.46892     61 - -
          2.68618  4.42225  2.77519  2.73123  3.46354  2.40513  3.72494  3.29354  2.67741  2.69355  4.24690  2.90347  2.73739  3.18146  2.89801  2.37887  2.77519  2.98518  4.58477  3.61503
          0.01405  4.66783  5.39018  0.61958  0.77255  0.48576  0.95510
     56   2.75226  5.24665  2.48950  2.07987  4.58491  2.62042  3.71583  3.55983  2.02380  3.54894  3.91073  2.87344  3.69175  2.57708  2.81980  2.71757  2.53112  3.63365  5.68329  4.27649     62 - -
          2.68618  4.42225  2.77519  2.73123  3.46354  2.40513  3.72494  3.29354  2.67741  2.69355  4.24690  2.90347  2.73739  3.18146  2.89801  2.37887  2.77519  2.98518  4.58477  3.61503
          0.01405  4.66783  5.39018  0.61958  0.77255  0.48576  0.95510
     57   2.55217  5.25261  3.01833  2.24663  4.59161  3.53969  3.72394  4.06851  1.63720  3.37710  4.29651  2.33068  3.69998  2.53147  2.78006  2.63528  2.79856  3.64034  5.68602  4.28556     63 - -
          2.68618  4.42225  2.77519  2.73123  3.46354  2.40513  3.72494  3.29354  2.67741  2.69355  4.24690  2.90347  2.73739  3.18146  2.89801  2.37887  2.77519  2.98518  4.58477  3.61503
          0.01405  4.66783  5.39018  0.61958  0.77255  0.48576  0.95510
     58   3.03184  4.47440  4.49950  3.93722  3.57763  4.16584  4.51155  0.93197  3.68504  2.42904  3.51765  4.15366  4.52868  3.49353  3.49767  3.48778  3.27419  1.96989  5.20409  4.01135     64 - -
          2.68618  4.42225  2.77519  2.73123  3.46354  2.40513  3.72494  3.29354  2.67741  2.69355  4.24690  2.90347  2.73739  3.18146  2.89801  2.37887  2.77519  2.98518  4.58477  3.61503
          0.01405  4.66783  5.39018  0.61958  0.77255  0.48576  0.95510
     59   2.98524  5.29247  3.32863  2.72891  4.65411  3.72693  3.81835  4.06355  1.07959  3.33757  4.36136  2.60650  4.10646  2.93807  2.43569  2.97315  3.05902  3.27381  5.68422  4.38585     65 - -
          2.68618  4.42225  2.77519  2.73123  3.46354  2.40513  3.72494  3.29354  2.67741  2.69355  4.24690  2.90347  2.73739  3.18146  2.89801  2.37887  2.77519  2.98518  4.58477  3.61503
          0.01405  4.66783  5.39018  0.61958  0.77255  0.48576  0.95510
     60   2.64810  5.27331  2.25799  1.88551  4.61542  3.52859  3.46363  3.81032  1.95242  3.57691  4.31564  2.71086  3.92787  2.39055  2.95528  2.72767  2.99804  3.51301  5.70656  4.29561     66 - -
          2.68618  4.42225  2.77519  2.73123  3.46354  2.40513  3.72494  3.29354  2.67741  2.69355  4.24690  2.90347  2.73739  3.18146  2.89801  2.37887  2.77519  2.98518  4.58477  3.61503
          0.01405  4.66783  5.39018  0.61958  0.77255  0.48576  0.95510
     61   2.79409  4.77698  3.35612  2.78861  3.54659  3.67138  1.65127  3.35241  2.70379  2.76139  3.86293  3.26757  4.05497  2.96375  2.30849  2.89500  2.93115  2.91148  5.26514  3.60713     67 - -
          2.68618  4.42225  2.77519  2.73123  3.46354  2.40513  3.72494  3.29354  2.67741  2.69355  4.24690  2.90347  2.73739  3.18146  2.89801  2.37887  2.77519  2.98518  4.58477  3.61503
          0.01405  4.66783  5.39018  0.61958  0.77255  0.48576  0.95510
     62   4.59675  5.58546  5.51413  5.39708  0.76456  5.16005  3.87203  4.13248  5.17847  3.00624  4.67324  4.72849  5.41607  4.87853  5.01035  4.55879  4.79471  4.09931  3.95209  1.13041     68 - -
          2.68618  4.42225  2.77519  2.73123  3.46354  2.40513  3.72494  3.29354  2.67741  2.69355  4.24690  2.90347  2.73739  3.18146  2.89801  2.37887  2.77519  2.98518  4.58477  3.61503
          0.01405  4.66783  5.39018  0.61958  0.77255  0.48576  0.95510
     63   2.75300  5.21803  2.67383  2.27953  4.54467  3.03234  3.72210  3.81571  1.99325  2.97120  4.26376  2.15811  3.92627  2.82486  2.65842  2.72409  2.86101  3.03834  5.66165  4.26251     69 - -
          2.68618  4.42225  2.77519  2.73123  3.46354  2.40513  3.72494  3.29354  2.67741  2.69355  4.24690  2.90347  2.73739  3.18146  2.89801  2.37887  2.77519  2.98518  4.58477  3.61503
          0.01405  4.66783  5.39018  0.61958  0.77255  0.48576  0.95510
     64   2.76786  5.26845  2.66570  2.17745  4.60853  3.39283  3.72558  3.79638  1.71744  3.57084  4.31156  2.60034  3.93001  2.34512  2.95447  2.73053  2.42877  3.65663  5.70269  4.29391     70 - -
          2.68618  4.42225  2.77519  2.73123  3.46354  2.40513  3.72494  3.29354  2.67741  2.69355  4.24690  2.90347  2.73739  3.18146  2.89801  2.37887  2.77519  2.98518  4.58477  3.61503
          0.01405  4.66783  5.39018  0.61958  0.77255  0.48576  0.95510
     65   3.00013  5.44073  3.05842  2.40595  4.81054  3.66481  3.46554  4.26020  1.89285  3.71662  4.49612  2.67570  4.08535  1.30912  2.81451  2.95412  3.22020  3.85017  5.81652  4.46450     71 - -
          2.68618  4.42225  2.77519  2.73123  3.46354  2.40513  3.72494  3.29354  2.67741  2.69355  4.24690  2.90347  2.73739  3.18146  2.89801  2.37887  2.77519  2.98518  4.58477  3.61503
          0.04402  4.66783  3.39093  0.61958  0.77255  0.48576  0.95510
     66   2.74735  5.16342  2.87087  2.26520  3.98009  3.35929  3.72625  3.93094  1.97100  3.45229  4.21475  2.28242  3.92655  2.83684  2.96411  2.64405  2.56618  3.53367  5.61907  2.60220     72 - -
          2.68618  4.42225  2.77519  2.73123  3.46354  2.40513  3.72494  3.29354  2.67741  2.69355  4.24690  2.90347  2.73739  3.18146  2.89801  2.37887  2.77519  2.98518  4.58477  3.61503
          0.01448  4.63828  5.36063  0.61958  0.77255  0.50453  0.92580
     67   2.64237  5.23203  2.27027  2.35269  4.01106  3.09066  3.07858  3.33125  2.01481  3.53294  4.27541  2.60692  3.91624  2.69970  2.74129  2.63469  2.78440  3.61722  5.67076  4.26600     73 - -
          2.68618  4.42225  2.77519  2.73123  3.46354  2.40513  3.72494  3.29354  2.67741  2.69355  4.24690  2.90347  2.73739  3.18146  2.89801  2.37887  2.77519  2.98518  4.58477  3.61503
          0.01430  4.65049  5.37284  0.61958  0.77255  0.51995  0.90276
     68   2.74658  4.66396  2.69538  2.73853  3.08864  3.24195  3.88205  2.14518  2.54297  2.44839  3.32818  2.64544  4.03856  3.11643  3.20311  2.74277  2.87659  2.95733  5.21722  3.94426     74 - -
          2.68618  4.42225  2.77519  2.73123  3.46354  2.40513  3.72494  3.29354  2.67741  2.69355  4.24690  2.90347  2.73739  3.18146  2.89801  2.37887  2.77519  2.98518  4.58477  3.61503
          0.01430  4.65049  5.37284  0.61958  0.77255  0.51995  0.90276
     69   2.66802  5.19501  2.51159  2.35073  4.51536  2.75959  3.71849  3.98423  2.09880  3.13786  3.32364  2.90124  2.92009  2.65029  2.80269  2.60964  2.97644  3.18080  5.64275  3.92709     75 - -
          2.68618  4.42225  2.77519  2.73123  3.46354  2.40513  3.72494  3.29354  2.67741  2.69355  4.24690  2.90347  2.73739  3.18146  2.89801  2.37887  2.77519  2.98518  4.58477  3.61503
          0.14532  4.65049  2.07387  0.61958  0.77255  0.51995  0.90276
     70   2.72560  5.23475  2.27266  2.14442  4.57659  2.76023  3.48495  4.06205  2.04636  3.53809  4.27765  2.66853  3.88357  2.48932  2.73418  2.62638  2.79850  3.62392  5.66755  4.25540     76 - -
          2.68618  4.42225  2.77519  2.73123  3.46354  2.40513  3.72494  3.29354  2.67741  2.69355  4.24690  2.90347  2.73739  3.18146  2.89801  2.37887  2.77519  2.98518  4.58477  3.61503
          0.19986  4.52146  1.77028  0.61958  0.77255  0.49398  0.94210
     71   2.68083  4.91878  2.68306  2.34367  3.23685  2.42805  3.70512  3.59066  2.28672  2.82588  3.98631  2.93172  3.89418  2.73336  2.82317  2.70489  2.91210  3.25656  3.91698  3.77158     77 - -
          2.68696  4.42231  2.77496  2.73152  3.46047  2.40535  3.72525  3.29130  2.67775  2.69340  4.24665  2.90359  2.73744  3.18221  2.89877  2.37960  2.77477  2.98552  4.58350  3.61332
          0.76512  0.80483  2.43546  2.22673  0.11416  0.35365  1.21107
     72   2.29662  5.01752  2.77572  2.51317  4.28354  3.35766  3.73368  3.71709  2.51086  2.32950  4.08061  2.67705  3.63537  2.69338  2.84807  2.31076  2.59350  3.36507  5.50134  3.73502    106 - -
          2.68618  4.42225  2.77519  2.73123  3.46354  2.40513  3.72494  3.29354  2.67741  2.69355  4.24690  2.90347  2.73739  3.18146  2.89801  2.37887  2.77519  2.98518  4.58477  3.61503
          0.01531  4.58260  5.30494  0.61958  0.77255  0.43288  1.04594
     73   2.74682  5.15767  2.57592  2.30510  4.14881  3.09033  3.22454  3.08699  2.21274  2.76511  3.95292  2.83599  3.52412  2.60414  2.81248  2.62710  2.86866  3.39500  5.61474  3.58915    107 - -
          2.68618  4.42225  2.77519  2.73123  3.46354  2.40513  3.72494  3.29354  2.67741  2.69355  4.24690  2.90347  2.73739  3.18146  2.89801  2.37887  2.77519  2.98518  4.58477  3.61503
          0.01423  4.65557  5.37791  0.61958  0.77255  0.51012  0.91735
     74   2.47418  5.02618  2.51566  1.96708  4.28715  3.19862  3.40588  3.35048  2.48690  3.03185  3.85098  3.07379  3.70078  2.89473  3.01423  2.69438  2.89882  3.37078  3.88716  2.81035    108 - -
          2.68618  4.42225  2.77519  2.73123  3.46354  2.40513  3.72494  3.29354  2.67741  2.69355  4.24690  2.90347  2.73739  3.18146  2.89801  2.37887  2.77519  2.98518  4.58477  3.61503
          0.01423  4.65557  5.37791  0.61958  0.77255  0.51012  0.91735
     75   2.68537  5.02490  2.30342  2.36264  3.79495  3.39581  3.28799  3.71557  2.48706  2.97584  4.08900  3.07470  3.95365  2.73594  3.01569  2.38784  2.97914  2.83867  5.51182  2.54947    109 - -
          2.68618  4.42225  2.77519  2.73123  3.46354  2.40513  3.72494  3.29354  2.67741  2.69355  4.24690  2.90347  2.73739  3.18146  2.89801  2.37887  2.77519  2.98518  4.58477  3.61503
          0.01423  4.65557  5.37791  0.61958  0.77255  0.47083  0.97946
     76   2.75500  4.27050  4.08699  3.50514  2.47637  3.83457  4.12731  2.65524  3.09706  1.86728  3.19870  2.52394  3.72155  3.64526  3.35419  3.00160  2.98696  1.97883  4.27188  3.67888    110 - -
          2.68618  4.42225  2.77519  2.73123  3.46354  2.40513  3.72494  3.29354  2.67741  2.69355  4.24690  2.90347  2.73739  3.18146  2.89801  2.37887  2.77519  2.98518  4.58477  3.61503
          0.24423  4.66783  1.57360  0.61958  0.77255  0.48576  0.95510
     77   2.68249  4.89765  2.29233  2.36207  4.14010  3.50673  3.71269  3.32571  2.43285  2.57891  3.96792  2.73239  3.89888  2.86001  2.97590  2.64059  2.57294  2.56340  5.39808  4.05924    111 - -
          2.68618  4.42225  2.77519  2.73123  3.46354  2.40513  3.72494  3.29354  2.67741  2.69355  4.24690  2.90347  2.73739  3.18146  2.89801  2.37887  2.77519  2.98518  4.58477  3.61503
          0.05332  4.44126  3.21534  0.61958  0.77255  0.31865  1.29876
     78   2.74686  4.41791  3.46550  3.13894  3.15276  3.74779  4.00931  2.75854  2.37002  1.75666  3.52345  3.13272  4.12551  3.37606  3.41368  2.99945  2.58081  2.08778  5.00789  3.78248    112 - -
          2.68618  4.42225  2.77519  2.73123  3.46354  2.40513  3.72494  3.29354  2.67741  2.69355  4.24690  2.90347  2.73739  3.18146  2.89801  2.37887  2.77519  2.98518  4.58477  3.61503
          0.04743  4.64001  3.30604  0.61958  0.77255  0.53979  0.87436
     79   2.73148  5.05593  3.06280  2.08472  4.33161  3.23597  3.73321  3.09344  2.21649  3.01431  4.11564  2.73815  3.92862  2.85846  2.68177  2.30707  2.57857  3.03022  5.53247  3.75351    113 - -
          2.68618  4.42225  2.77519  2.73123  3.46354  2.40513  3.72494  3.29354  2.67741  2.69355  4.24690  2.90347  2.73739  3.18146  2.89801  2.37887  2.77519  2.98518  4.58477  3.61503
          0.01493  4.60751  5.32986  0.61958  0.77255  0.59767  0.79871
     80   2.73151  4.84756  2.87405  2.62880  3.43420  3.03944  3.79298  3.46721  2.61892  2.40875  3.92546  2.50702  3.97122  2.96362  2.90942  2.23281  2.54645  3.16683  5.36668  3.14383    114 - -
          2.68618  4.42225  2.77519  2.73123  3.46354  2.40513  3.72494  3.29354  2.67741  2.69355  4.24690  2.90347  2.73739  3.18146  2.89801  2.37887  2.77519  2.98518  4.58477  3.61503
          0.01493  4.60751  5.32986  0.61958  0.77255  0.59767  0.79871
     81   2.61190  3.87757  4.36358  3.42353  2.05396  3.86647  4.18153  2.26961  3.13942  2.13372  3.28972  3.90998  4.23351  3.81542  3.74837  2.90784  2.96974  1.75823  4.79246  3.60673    115 - -
          2.68618  4.42225  2.77519  2.73123  3.46354  2.40513  3.72494  3.29354  2.67741  2.69355  4.24690  2.90347  2.73739  3.18146  2.89801  2.37887  2.77519  2.98518  4.58477  3.61503
          0.01493  4.60751  5.32986  0.61958  0.77255  0.59767  0.79871
     82   2.74126  4.56424  3.45108  2.33544  3.40988  3.42030  3.91955  3.08538  2.87634  1.50602  3.66391  2.92607  3.64491  3.19607  3.26477  2.91284  2.97451  2.64900  5.13384  3.87905    116 - -
          2.68618  4.42225  2.77519  2.73123  3.46354  2.40513  3.72494  3.29354  2.67741  2.69355  4.24690  2.90347  2.73739  3.18146  2.89801  2.37887  2.77519  2.98518  4.58477  3.61503
          0.31209  4.60751  1.35438  0.61958  0.77255  0.42165  1.06701
     83   2.86861  5.40500  2.11929  1.37788  4.72166  3.00915  3.77307  4.21800  2.61190  3.69948  4.47267  2.73779  3.92993  2.48507  3.13966  2.80071  3.11837  3.51254  5.84279  4.39709    117 - -
          2.68618  4.42225  2.77519  2.73123  3.46354  2.40513  3.72494  3.29354  2.67741  2.69355  4.24690  2.90347  2.73739  3.18146  2.89801  2.37887  2.77519  2.98518  4.58477  3.61503
          0.01849  4.39545  5.11779  0.61958  0.77255  0.51477  0.91040
     84   2.51631  5.19080  2.30783  2.23600  4.52014  3.19873  3.68532  3.42827  2.18596  3.27623  4.23587  2.84792  3.88921  2.40068  2.91732  2.49537  2.50518  3.57301  5.63289  4.23125    118 - -
          2.68618  4.42225  2.77519  2.73123  3.46354  2.40513  3.72494  3.29354  2.67741  2.69355  4.24690  2.90347  2.73739  3.18146  2.89801  2.37887  2.77519  2.98518  4.58477  3.61503
          0.01571  4.55731  5.27965  0.61958  0.77255  0.54238  0.87076
     85   2.73070  4.78770  2.81656  2.56780  3.03115  2.52023  3.81207  3.38476  2.57883  2.22685  3.86985  3.04639  3.52201  2.99902  3.10159  2.56565  2.52059  3.09863  4.78220  4.01491    119 - -
          2.68618  4.42225  2.77519  2.73123  3.46354  2.40513  3.72494  3.29354  2.67741  2.69355  4.24690  2.90347  2.73739  3.18146  2.89801  2.37887  2.77519  2.98518  4.58477  3.61503
          0.01496  4.60538  5.32772  0.61958  0.77255  0.60129  0.79430
     86   2.63905  4.47338  3.57649  2.44855  3.61323  3.70276  3.95281  2.47556  2.96625  2.01305  3.57481  3.42497  3.74980  2.48436  3.32804  2.94492  2.81780  2.31288  5.05280  3.17702    120 - -
          2.68618  4.42225  2.77519  2.73123  3.46354  2.40513  3.72494  3.29354  2.67741  2.69355  4.24690  2.90347  2.73739  3.18146  2.89801  2.37887  2.77519  2.98518  4.58477  3.61503
          0.01496  4.60538  5.32772  0.61958  0.77255  0.60129  0.79430
     87   2.73129  4.66524  3.34016  2.44113  2.37049  3.63312  3.85891  3.22104  2.43700  2.28339  3.75575  3.25311  3.10348  2.83465  3.06294  2.75565  2.79875  2.80150  5.21545  3.51674    121 - -
          2.68618  4.42225  2.77519  2.73123  3.46354  2.40513  3.72494  3.29354  2.67741  2.69355  4.24690  2.90347  2.73739  3.18146  2.89801  2.37887  2.77519  2.98518  4.58477  3.61503
          0.15118  4.60538  2.03782  0.61958  0.77255  0.60129  0.79430
     88   2.68823  4.88365  2.75448  2.53367  2.89573  3.52044  3.51838  3.39339  2.31024  2.55050  3.95478  2.94119  3.58152  2.23033  2.90066  2.72394  2.91948  3.21468  5.38649  3.52505    122 - -
          2.68618  4.42225  2.77519  2.73123  3.46354  2.40513  3.72494  3.29354  2.67741  2.69355  4.24690  2.90347  2.73739  3.18146  2.89801  2.37887  2.77519  2.98518  4.58477  3.61503
          0.01713  4.47132  5.19367  0.61958  0.77255  0.79389  0.60163
     89   2.69539  4.90210  3.08720  2.46206  4.14476  3.52165  3.72377  2.58755  2.13681  3.16185  3.97350  2.83652  3.91243  2.52282  2.97162  2.34751  2.35293  3.04014  5.40214  4.06711    123 - -
          2.68618  4.42225  2.77519  2.73123  3.46354  2.40513  3.72494  3.29354  2.67741  2.69355  4.24690  2.90347  2.73739  3.18146  2.89801  2.37887  2.77519  2.98518  4.58477  3.61503
          0.01713  4.47132  5.19367  0.61958  0.77255  0.33232  1.26323
     90   2.47811  5.20749  2.27527  1.99800  4.53039  3.18599  3.72295  3.29199  2.38759  3.32734  3.82503  2.70387  3.57733  2.67087  2.95577  2.48427  2.98227  3.37212  5.65367  3.85270    124 - -
          2.68618  4.42225  2.77519  2.73123  3.46354  2.40513  3.72494  3.29354  2.67741  2.69355  4.24690  2.90347  2.73739  3.18146  2.89801  2.37887  2.77519  2.98518  4.58477  3.61503
          0.01405  4.66783  5.39018  0.61958  0.77255  0.48576  0.95510
     91   2.33211  3.17053  4.58413  3.97873  2.81896  3.91694  4.24385  1.69915  3.79459  2.34631  2.72613  3.15239  4.28161  3.95273  3.85343  3.22223  2.99430  1.99821  4.78176  3.20194    125 - -
          2.68618  4.42225  2.77519  2.73123  3.46354  2.40513  3.72494  3.29354  2.67741  2.69355  4.24690  2.90347  2.73739  3.18146  2.89801  2.37887  2.77519  2.98518  4.58477  3.61503
          0.01405  4.66783  5.39018  0.61958  0.77255  0.48576  0.95510
     92   2.38810  5.23575  2.88296  2.19352  4.56910  3.53018  3.71938  4.04666  1.82446  3.37748  4.27985  2.73997  3.92422  2.38446  2.94851  2.45084  2.60519  3.26181  5.67536  4.27182    126 - -
          2.68618  4.42225  2.77519  2.73123  3.46354  2.40513  3.72494  3.29354  2.67741  2.69355  4.24690  2.90347  2.73739  3.18146  2.89801  2.37887  2.77519  2.98518  4.58477  3.61503
          0.01405  4.66783  5.39018  0.61958  0.77255  0.48576  0.95510
     93   2.75876  5.24147  2.30630  2.03701  4.57429  3.36101  3.72309  3.82395  1.86708  2.85912  4.28585  2.50961  3.92702  2.82403  2.95471  2.72575  2.84012  3.62560  5.68095  4.00639    127 - -
          2.68618  4.42225  2.77519  2.73123  3.46354  2.40513  3.72494  3.29354  2.67741  2.69355  4.24690  2.90347  2.73739  3.18146  2.89801  2.37887  2.77519  2.98518  4.58477  3.61503
          0.01405  4.66783  5.39018  0.61958  0.77255  0.48576  0.95510
     94   1.62703  4.94602  2.19355  2.65052  4.30389  2.85865  3.86230  3.71456  2.66992  3.12525  4.13102  3.15544  3.99101  3.01212  3.13374  2.79364  2.43038  3.05358  5.55950  4.22279    128 - -
          2.68618  4.42225  2.77519  2.73123  3.46354  2.40513  3.72494  3.29354  2.67741  2.69355  4.24690  2.90347  2.73739  3.18146  2.89801  2.37887  2.77519  2.98518  4.58477  3.61503
          0.01405  4.66783  5.39018  0.61958  0.77255  0.48576  0.95510
     95   2.47179  5.10290  2.93502  2.46277  4.38688  3.55375  2.81864  3.19766  2.26460  3.38146  4.16032  2.75529  3.94582  2.27132  2.98999  2.74997  2.98491  3.30690  5.57346  2.46752    129 - -
          2.68618  4.42225  2.77519  2.73123  3.46354  2.40513  3.72494  3.29354  2.67741  2.69355  4.24690  2.90347  2.73739  3.18146  2.89801  2.37887  2.77519  2.98518  4.58477  3.61503
          0.01405  4.66783  5.39018  0.61958  0.77255  0.48576  0.95510
     96   2.69636  3.58791  2.58733  2.23210  4.54390  1.96244  3.73684  4.01395  2.02131  3.51762  4.27134  2.93715  3.59463  2.84281  2.89335  2.73982  3.00011  3.60043  5.66944  4.27207    130 - -
          2.68618  4.42225  2.77519  2.73123  3.46354  2.40513  3.72494  3.29354  2.67741  2.69355  4.24690  2.90347  2.73739  3.18146  2.89801  2.37887  2.77519  2.98518  4.58477  3.61503
          0.01405  4.66783  5.39018  0.61958  0.77255  0.48576  0.95510
     97   2.80517  5.31018  2.05992  2.07038  4.64525  3.53476  3.75568  4.12989  2.06138  3.61108  4.35704  2.25299  3.08710  2.85906  3.01010  2.76327  3.03992  2.97587  5.74598  4.33119    131 - -
          2.68618  4.42225  2.77519  2.73123  3.46354  2.40513  3.72494  3.29354  2.67741  2.69355  4.24690  2.90347  2.73739  3.18146  2.89801  2.37887  2.77519  2.98518  4.58477  3.61503
          0.13368  4.66783  2.15641  0.61958  0.77255  0.48576  0.95510
     98   2.18584  3.30609  3.32350  2.33585  3.61856  3.61424  3.33824  2.93451  2.61513  2.77370  3.73248  3.23578  3.31442  2.88964  3.15843  2.73013  2.71983  2.45409  5.19284  3.91716    132 - -
          2.68618  4.42225  2.77519  2.73123  3.46354  2.40513  3.72494  3.29354  2.67741  2.69355  4.24690  2.90347  2.73739  3.18146  2.89801  2.37887  2.77519  2.98518  4.58477  3.61503
          0.01582  4.54997  5.27232  0.61958  0.77255  0.64607  0.74255
     99   2.63139  5.24245  2.61263  1.98910  4.58548  3.00461  3.69025  4.07046  1.89201  3.54604  4.28481  2.69776  3.89489  2.49536  2.58612  2.62987  2.88465  3.63223  5.67475  4.26396    133 - -
          2.68618  4.42225  2.77519  2.73123  3.46354  2.40513  3.72494  3.29354  2.67741  2.69355  4.24690  2.90347  2.73739  3.18146  2.89801  2.37887  2.77519  2.98518  4.58477  3.61503
          0.01559  4.56474  5.28708  0.61958  0.77255  0.66655  0.72048
    100   2.71930  4.46767  2.42705  1.89116  4.54166  2.89348  3.23263  4.02078  2.10053  3.50752  4.24999  2.96623  3.56022  2.78405  2.84028  2.50273  2.84828  3.33885  5.64508  4.23998    134 - -
          2.68618  4.42225  2.77519  2.73123  3.46354  2.40513  3.72494  3.29354  2.67741  2.69355  4.24690  2.90347  2.73739  3.18146  2.89801  2.37887  2.77519  2.98518  4.58477  3.61503
          0.01559  4.56474  5.28708  0.61958  0.77255  0.38734  1.13588
    101   2.75633  4.21662  4.28163  3.26821  3.31806  3.86855  3.88567  1.79770  3.12565  1.73801  3.33197  3.87369  4.23714  3.77016  3.71744  2.97768  2.76772  2.09220  3.68659  3.64041    135 - -
          2.68618  4.42225  2.77519  2.73123  3.46354  2.40513  3.72494  3.29354  2.67741  2.69355  4.24690  2.90347  2.73739  3.18146  2.89801  2.37887  2.77519  2.98518  4.58477  3.61503
          0.01405  4.66783  5.39018  0.61958  0.77255  0.48576  0.95510
    102   2.63061  5.23977  2.57580  1.99739  4.57466  3.52963  3.71852  3.17736  1.85719  3.54045  4.28333  2.80941  3.92365  2.44793  2.86817  2.72075  2.74395  3.33516  5.67825  4.27375    136 - -
          2.68618  4.42225  2.77519  2.73123  3.46354  2.40513  3.72494  3.29354  2.67741  2.69355  4.24690  2.90347  2.73739  3.18146  2.89801  2.37887  2.77519  2.98518  4.58477  3.61503
          0.01405  4.66783  5.39018  0.61958  0.77255  0.48576  0.95510
    103   2.65719  5.29310  3.05475  2.05374  4.64467  3.16856  2.53500  4.11500  1.66218  3.58797  4.33767  3.04320  3.96671  2.50660  2.62814  2.77992  3.04236  3.68847  5.70937  4.32285    137 - -
          2.68618  4.42225  2.77519  2.73123  3.46354  2.40513  3.72494  3.29354  2.67741  2.69355  4.24690  2.90347  2.73739  3.18146  2.89801  2.37887  2.77519  2.98518  4.58477  3.61503
          0.01405  4.66783  5.39018  0.61958  0.77255  0.48576  0.95510
    104   2.88156  4.28628  4.60589  4.00609  2.40788  4.03265  4.34646  1.58369  3.83650  1.58836  2.88917  4.11129  4.37953  3.34014  3.37076  3.33649  3.11158  2.47751  4.88452  3.71621    138 - -
          2.68618  4.42225  2.77519  2.73123  3.46354  2.40513  3.72494  3.29354  2.67741  2.69355  4.24690  2.90347  2.73739  3.18146  2.89801  2.37887  2.77519  2.98518  4.58477  3.61503
          0.01405  4.66783  5.39018  0.61958  0.77255  0.48576  0.95510
    105   2.69675  4.62565  3.03238  1.98500  4.53548  3.54053  3.72620  4.00398  1.71192  3.50567  3.87072  3.01750  3.93285  2.60749  2.47080  2.46176  2.84723  3.32092  5.65477  4.26128    139 - -
          2.68618  4.42225  2.77519  2.73123  3.46354  2.40513  3.72494  3.29354  2.67741  2.69355  4.24690  2.90347  2.73739  3.18146  2.89801  2.37887  2.77519  2.98518  4.58477  3.61503
          0.01405  4.66783  5.39018  0.61958  0.77255  0.48576  0.95510
    106   2.61002  5.25924  2.78942  1.75400  4.59911  3.52906  3.72057  4.08150  1.88145  3.56189  4.30198  2.82677  3.92560  2.61325  2.85463  2.38875  2.83796  3.36042  5.69433  4.28618    140 - -
          2.68618  4.42225  2.77519  2.73123  3.46354  2.40513  3.72494  3.29354  2.67741  2.69355  4.24690  2.90347  2.73739  3.18146  2.89801  2.37887  2.77519  2.98518  4.58477  3.61503
          0.01405  4.66783  5.39018  0.61958  0.77255  0.48576  0.95510
    107   2.75619  4.24101  3.71985  3.60340  2.66884  3.85370  4.15447  1.85308  3.24639  1.79330  2.94114  3.51498  4.22364  3.71304  3.67819  2.50329  2.85898  2.49253  4.85183  3.65851    141 - -
          2.68618  4.42225  2.77519  2.73123  3.46354  2.40513  3.72494  3.29354  2.67741  2.69355  4.24690  2.90347  2.73739  3.18146  2.89801  2.37887  2.77519  2.98518  4.58477  3.61503
          0.01405  4.66783  5.39018  0.61958  0.77255  0.48576  0.95510
    108   2.75551  3.46269  2.99771  3.49531  3.32007  3.50146  4.17276  2.19881  3.55265  1.50779  3.14430  3.86763  4.23508  3.76409  3.71596  3.15512  2.87552  2.40966  3.31113  3.48040    142 - -
          2.68618  4.42225  2.77519  2.73123  3.46354  2.40513  3.72494  3.29354  2.67741  2.69355  4.24690  2.90347  2.73739  3.18146  2.89801  2.37887  2.77519  2.98518  4.58477  3.61503
          0.11258  4.66783  2.33217  0.61958  0.77255  0.48576  0.95510
    109   2.80385  5.32335  2.14466  2.21874  4.65923  2.40889  3.51030  4.14823  1.86339  3.62379  4.37184  2.59745  3.93311  2.67959  3.00991  2.75558  2.93927  3.71009  5.75538  4.33387    143 - -
          2.68618  4.42225  2.77519  2.73123  3.46354  2.40513  3.72494  3.29354  2.67741  2.69355  4.24690  2.90347  2.73739  3.18146  2.89801  2.37887  2.77519  2.98518  4.58477  3.61503
          0.01550  4.57074  5.29309  0.61958  0.77255  0.56590  0.83897
    110   2.64234  2.84675  2.94035  2.09548  4.42340  3.52326  3.71552  3.63783  2.06255  3.05843  4.17695  2.76672  3.71796  2.73212  2.76131  2.33350  2.96178  3.48982  5.58459  4.20350    144 - -
          2.68618  4.42225  2.77519  2.73123  3.46354  2.40513  3.72494  3.29354  2.67741  2.69355  4.24690  2.90347  2.73739  3.18146  2.89801  2.37887  2.77519  2.98518  4.58477  3.61503
          0.20358  4.60232  1.74773  0.61958  0.77255  0.60644  0.78809
    111   2.59481  3.51930  2.98039  2.01530  4.33460  3.47549  3.68185  3.77837  2.11489  3.32627  4.10643  2.27874  3.87608  2.80373  2.91078  2.68479  2.44121  3.40428  5.51515  4.14604    145 - -
          2.68618  4.42225  2.77519  2.73123  3.46354  2.40513  3.72494  3.29354  2.67741  2.69355  4.24690  2.90347  2.73739  3.18146  2.89801  2.37887  2.77519  2.98518  4.58477  3.61503
          0.01810  4.41684  5.13918  0.61958  0.77255  0.81484  0.58467
    112   2.60702  3.92374  2.55270  2.27267  3.85965  2.28724  3.67079  3.82656  2.03296  3.36022  4.13018  2.77606  3.86788  2.78613  2.91358  2.67203  2.91766  3.43999  5.53790  4.15695    146 - -
          2.68618  4.42225  2.77519  2.73123  3.46354  2.40513  3.72494  3.29354  2.67741  2.69355  4.24690  2.90347  2.73739  3.18146  2.89801  2.37887  2.77519  2.98518  4.58477  3.61503
          0.01780  4.43339  5.15573  0.61958  0.77255  0.83835  0.56638
    113   2.42306  3.27123  2.99423  2.12107  4.31305  3.30376  3.45767  3.75820  2.28878  3.30763  4.08607  2.58444  3.47503  2.62000  2.91691  2.51211  2.75891  3.08575  5.49951  4.12870    147 - -
          2.68618  4.42225  2.77519  2.73123  3.46354  2.40513  3.72494  3.29354  2.67741  2.69355  4.24690  2.90347  2.73739  3.18146  2.89801  2.37887  2.77519  2.98518  4.58477  3.61503
          0.01780  4.43339  5.15573  0.61958  0.77255  0.69982  0.68652
    114   2.45088  5.18759  2.69109  2.18266  4.52202  3.16917  3.66506  4.00111  2.09194  3.48851  4.23201  2.38966  3.53857  2.69103  2.89846  2.39792  2.58132  3.38632  5.62683  4.22124    148 - -
          2.68618  4.42225  2.77519  2.73123  3.46354  2.40513  3.72494  3.29354  2.67741  2.69355  4.24690  2.90347  2.73739  3.18146  2.89801  2.37887  2.77519  2.98518  4.58477  3.61503
          0.01683  4.48895  5.21129  0.61958  0.77255  0.77194  0.62011
    115   2.41794  5.04570  3.01033  2.28282  3.89848  2.97317  3.68961  3.77602  2.27011  3.20442  4.10326  2.44882  3.88646  2.56312  2.93332  2.38727  2.69645  2.86294  5.51665  4.14555    149 - -
          2.68618  4.42225  2.77519  2.73123  3.46354  2.40513  3.72494  3.29354  2.67741  2.69355  4.24690  2.90347  2.73739  3.18146  2.89801  2.37887  2.77519  2.98518  4.58477  3.61503
          0.01683  4.48895  5.21129  0.61958  0.77255  0.72131  0.66575
    116   2.44118  4.02148  2.79006  2.27886  4.36239  3.07684  3.68996  3.28614  2.31797  3.09740  4.12607  2.66816  3.88825  2.60828  2.81489  2.19076  2.85124  3.28027  5.53703  4.16096    150 - -
          2.68618  4.42225  2.77519  2.73123  3.46354  2.40513  3.72494  3.29354  2.67741  2.69355  4.24690  2.90347  2.73739  3.18146  2.89801  2.37887  2.77519  2.98518  4.58477  3.61503
          0.01651  4.50766  5.23001  0.61958  0.77255  0.74765  0.64146
    117   2.13762  5.16511  2.77954  2.12058  4.49118  3.26443  3.31445  3.96398  2.41328  3.21157  4.21097  2.69115  3.68754  2.59842  2.66119  2.47493  2.64497  3.37756  5.60932  4.21005    151 - -
          2.68620  4.42227  2.77522  2.73125  3.46356  2.40490  3.72497  3.29356  2.67743  2.69357  4.24692  2.90349  2.73742  3.18148  2.89803  2.37889  2.77522  2.98520  4.58479  3.61505
          0.04678  3.21024  5.23001  0.80056  0.59616  0.74765  0.64146
    118   2.61292  5.15013  2.78682  2.12359  4.04075  3.22762  3.67293  3.77926  2.12860  3.04337  4.19737  2.38817  3.67813  2.60030  2.90631  2.41790  2.83469  3.21985  5.59778  4.20211    155 - -
          2.68618  4.42225  2.77519  2.73123  3.46354  2.40513  3.72494  3.29354  2.67741  2.69355  4.24690  2.90347  2.73739  3.18146  2.89801  2.37887  2.77519  2.98518  4.58477  3.61503
          0.01651  4.50766  5.23001  0.61958  0.77255  0.74765  0.64146
    119   2.50077  5.17015  2.55123  2.12739  4.49482  3.48155  3.67665  3.96713  2.15311  3.46688  4.21738  2.79510  3.87862  2.68523  2.91253  2.22248  2.45590  2.99438  5.61542  4.21596    156 - -
          2.68618  4.42225  2.77519  2.73123  3.46354  2.40513  3.72494  3.29354  2.67741  2.69355  4.24690  2.90347  2.73739  3.18146  2.89801  2.37887  2.77519  2.98518  4.58477  3.61503
          0.13655  4.50766  2.14886  0.61958  0.77255  0.74765  0.64146
    120   2.09273  5.16210  2.74018  2.03332  4.48411  2.72677  3.66989  3.95590  2.43412  3.46062  4.21876  2.68895  3.49715  2.42995  2.92847  2.67434  2.74560  3.54233  5.61470  4.21230    157 - -
          2.68618  4.42225  2.77519  2.73123  3.46354  2.40513  3.72494  3.29354  2.67741  2.69355  4.24690  2.90347  2.73739  3.18146  2.89801  2.37887  2.77519  2.98518  4.58477  3.61503
          0.18804  4.38971  1.83874  0.61958  0.77255  0.70007  0.68627
    121   2.49548  4.93428  2.99163  2.15265  4.20021  2.87659  3.65628  3.36642  2.15668  2.86514  3.99891  2.66001  3.84888  2.78838  2.90417  2.58534  2.64267  3.08851  5.41947  4.06405    158 - -
          2.68618  4.42232  2.77527  2.73115  3.46361  2.40486  3.72502  3.29352  2.67731  2.69362  4.24697  2.90354  2.73747  3.18153  2.89797  2.37894  2.77527  2.98513  4.58484  3.61510
          0.62088  1.01972  2.28444  0.14114  2.02776  0.43904  1.03466
    122   2.70452  3.54571  2.43228  2.54607  4.17138  2.53649  3.75463  3.58728  2.48304  3.19191  4.00456  2.30980  3.92444  2.90587  3.02580  2.73908  2.94469  2.41828  5.43447  4.09765    160 - -
          2.68604  4.42260  2.77516  2.73127  3.46372  2.40494  3.72498  3.29370  2.67768  2.69363  4.24724  2.90369  2.73745  3.18119  2.89823  2.37897  2.77517  2.98426  4.58511  3.61491
          0.55356  1.49546  1.60468  1.70001  0.20173  0.52771  0.89149
    123   2.38203  4.85201  3.05825  2.35198  4.14020  2.40014  3.73410  3.55464  2.53985  2.95883  3.97544  2.61383  3.89304  2.88751  2.99991  2.70541  2.16027  3.07421  5.40533  4.07243    168 - -
          2.68618  4.42225  2.77519  2.73123  3.46354  2.40513  3.72494  3.29354  2.67741  2.69355  4.24690  2.90347  2.73739  3.18146  2.89801  2.37887  2.77519  2.98518  4.58477  3.61503
          0.01858  4.39088  5.11322  0.61958  0.77255  0.45408  1.00795
    124   2.76152  5.25528  2.95526  1.78646  4.59486  3.10189  3.26695  4.07470  1.93588  3.55483  4.30003  2.34041  3.91656  2.53854  2.92337  2.72361  2.99297  3.64360  5.68644  3.85984    169 - -
          2.68618  4.42225  2.77519  2.73123  3.46354  2.40513  3.72494  3.29354  2.67741  2.69355  4.24690  2.90347  2.73739  3.18146  2.89801  2.37887  2.77519  2.98518  4.58477  3.61503
          0.01526  4.58608  5.30843  0.61958  0.77255  0.58471  0.81479
    125   2.72993  5.22492  2.63490  2.13369  4.56351  3.50569  3.69352  4.04484  2.11857  3.32099  3.60689  2.41171  3.66072  2.31403  2.76195  2.49598  2.82068  3.61208  5.66139  3.76776    170 - -
          2.68618  4.42225  2.77519  2.73123  3.46354  2.40513  3.72494  3.29354  2.67741  2.69355  4.24690  2.90347  2.73739  3.18146  2.89801  2.37887  2.77519  2.98518  4.58477  3.61503
          0.01501  4.60232  5.32467  0.61958  0.77255  0.60644  0.78809
    126   2.76017  5.26335  2.68954  2.03391  4.60345  3.13007  3.71288  4.08681  1.68232  3.56505  4.30730  2.36222  3.91598  2.68489  2.84301  2.72091  2.99251  3.65172  5.69608  3.71833    171 - -
          2.68618  4.42225  2.77519  2.73123  3.46354  2.40513  3.72494  3.29354  2.67741  2.69355  4.24690  2.90347  2.73739  3.18146  2.89801  2.37887  2.77519  2.98518  4.58477  3.61503
          0.01501  4.60232  5.32467  0.61958  0.77255  0.41708  1.07578
    127   2.85654  5.27798  1.61845  2.48810  3.97734  3.55277  3.81957  4.05172  2.49366  3.57648  4.35213  2.32453  3.99523  2.94113  3.11160  2.82674  2.03130  3.65376  5.74656  4.34585    172 - -
          2.68618  4.42225  2.77519  2.73123  3.46354  2.40513  3.72494  3.29354  2.67741  2.69355  4.24690  2.90347  2.73739  3.18146  2.89801  2.37887  2.77519  2.98518  4.58477  3.61503
          0.01405  4.66783  5.39018  0.61958  0.77255  0.48576  0.95510
    128   1.99129  4.21729  4.41951  3.82710  2.72328  3.91878  4.24228  1.97519  3.68104  1.96187  3.33079  3.96687  4.28599  3.87425  3.80771  3.00267  2.17301  2.28133  4.85014  3.66466    173 - -
          2.68618  4.42225  2.77519  2.73123  3.46354  2.40513  3.72494  3.29354  2.67741  2.69355  4.24690  2.90347  2.73739  3.18146  2.89801  2.37887  2.77519  2.98518  4.58477  3.61503
          0.01405  4.66783  5.39018  0.61958  0.77255  0.48576  0.95510
    129   3.46787  4.72891  5.43326  4.88176  3.19534  4.86156  5.29398  0.90634  4.75307  2.03266  2.47069  4.99892  5.08702  4.85322  4.81014  4.22672  3.70369  1.69747  5.60494  4.48779    174 - -
          2.68618  4.42225  2.77519  2.73123  3.46354  2.40513  3.72494  3.29354  2.67741  2.69355  4.24690  2.90347  2.73739  3.18146  2.89801  2.37887  2.77519  2.98518  4.58477  3.61503
          0.01405  4.66783  5.39018  0.61958  0.77255  0.48576  0.95510
    130   2.81076  5.24844  1.54084  2.20687  4.56011  3.54813  3.77293  4.02284  2.27225  3.03900  4.30385  3.02662  3.96525  2.88592  3.02764  2.78196  2.49178  3.42584  5.70098  4.30402    175 - -
          2.68618  4.42225  2.77519  2.73123  3.46354  2.40513  3.72494  3.29354  2.67741  2.69355  4.24690  2.90347  2.73739  3.18146  2.89801  2.37887  2.77519  2.98518  4.58477  3.61503
          0.01405  4.66783  5.39018  0.61958  0.77255  0.48576  0.95510
    131   2.75375  2.59936  2.98204  2.24621  3.45256  3.58435  3.78835  3.60824  1.86674  2.93413  4.02495  2.67305  3.97449  2.93857  3.05032  2.78810  2.98508  2.99561  5.45650  4.12160    176 - -
          2.68618  4.42225  2.77519  2.73123  3.46354  2.40513  3.72494  3.29354  2.67741  2.69355  4.24690  2.90347  2.73739  3.18146  2.89801  2.37887  2.77519  2.98518  4.58477  3.61503
          0.01405  4.66783  5.39018  0.61958  0.77255  0.48576  0.95510
    132   3.90931  5.13231  5.81512  5.22180  2.72813  5.26046  5.51901  2.01047  5.08161  0.67469  2.12832  5.40971  5.29254  4.93396  5.01770  4.63909  4.10744  2.83129  5.53387  4.57469    177 - -
          2.68618  4.42225  2.77519  2.73123  3.46354  2.40513  3.72494  3.29354  2.67741  2.69355  4.24690  2.90347  2.73739  3.18146  2.89801  2.37887  2.77519  2.98518  4.58477  3.61503
          0.01405  4.66783  5.39018  0.61958  0.77255  0.48576  0.95510
    133   3.90570  5.11861  5.80572  5.23923  2.89813  5.29592  5.55901  1.53701  5.10815  0.68513  3.15420  5.43051  5.33711  4.99713  5.07242  4.68783  4.11287  2.63514  5.58040  4.55121    178 - -
          2.68618  4.42225  2.77519  2.73123  3.46354  2.40513  3.72494  3.29354  2.67741  2.69355  4.24690  2.90347  2.73739  3.18146  2.89801  2.37887  2.77519  2.98518  4.58477  3.61503
          0.01405  4.66783  5.39018  0.61958  0.77255  0.48576  0.95510
    134   2.84541  5.37374  2.12630  2.07365  4.71163  3.53814  3.78240  4.20352  2.10952  3.67537  4.42191  2.34863  3.97149  2.18867  3.05521  2.30572  3.08283  3.76160  5.80442  4.37948    179 - -
          2.68618  4.42225  2.77519  2.73123  3.46354  2.40513  3.72494  3.29354  2.67741  2.69355  4.24690  2.90347  2.73739  3.18146  2.89801  2.37887  2.77519  2.98518  4.58477  3.61503
          0.01405  4.66783  5.39018  0.61958  0.77255  0.48576  0.95510
    135   2.79363  5.19180  3.09126  2.35626  4.50488  3.57550  2.18452  3.95926  1.86373  3.47527  4.24376  2.86871  3.96478  2.64660  2.61994  2.77586  3.02064  3.56740  3.63029  3.30473    180 - -
          2.68618  4.42225  2.77519  2.73123  3.46354  2.40513  3.72494  3.29354  2.67741  2.69355  4.24690  2.90347  2.73739  3.18146  2.89801  2.37887  2.77519  2.98518  4.58477  3.61503
          0.01405  4.66783  5.39018  0.61958  0.77255  0.48576  0.95510
    136   3.04914  5.19326  2.76313  1.40552  4.35036  3.67154  4.03486  3.70763  2.92402  1.47188  4.25518  3.20854  4.16808  3.22439  3.38472  3.07301  3.30204  3.44475  5.70249  4.35484    181 - -
          2.68618  4.42225  2.77519  2.73123  3.46354  2.40513  3.72494  3.29354  2.67741  2.69355  4.24690  2.90347  2.73739  3.18146  2.89801  2.37887  2.77519  2.98518  4.58477  3.61503
          0.01405  4.66783  5.39018  0.61958  0.77255  0.48576  0.95510
    137   2.77908  5.26342  2.74936  1.97423  4.59681  3.10288  3.73621  4.07466  1.95740  2.66435  4.30907  3.00791  3.93937  2.06664  2.96451  2.65307  3.01111  3.64815  5.70065  4.29611    182 - -
          2.68618  4.42225  2.77519  2.73123  3.46354  2.40513  3.72494  3.29354  2.67741  2.69355  4.24690  2.90347  2.73739  3.18146  2.89801  2.37887  2.77519  2.98518  4.58477  3.61503
          0.01405  4.66783  5.39018  0.61958  0.77255  0.48576  0.95510
    138   2.78530  5.29845  2.31456  1.96557  4.63996  3.32791  3.73794  4.12680  1.89773  3.60184  4.34208  2.45077  3.93838  2.45653  2.97970  2.74380  2.71807  3.52057  5.73100  4.31642    183 - -
          2.68618  4.42225  2.77519  2.73123  3.46354  2.40513  3.72494  3.29354  2.67741  2.69355  4.24690  2.90347  2.73739  3.18146  2.89801  2.37887  2.77519  2.98518  4.58477  3.61503
          0.01405  4.66783  5.39018  0.61958  0.77255  0.48576  0.95510
    139   2.78753  5.28325  2.38540  1.89185  4.61961  3.53623  3.74092  3.31064  1.65745  3.58342  4.32852  2.85354  3.94263  2.66545  2.97418  2.74929  2.88542  3.66962  5.71816  4.30961    184 - -
          2.68618  4.42225  2.77519  2.73123  3.46354  2.40513  3.72494  3.29354  2.67741  2.69355  4.24690  2.90347  2.73739  3.18146  2.89801  2.37887  2.77519  2.98518  4.58477  3.61503
          0.01405  4.66783  5.39018  0.61958  0.77255  0.48576  0.95510
    140   1.02097  4.54201  4.50869  4.06897  3.99150  3.89298  4.80961  1.57540  3.96845  2.79521  3.89245  4.18375  4.47855  4.24417  4.18473  3.30196  3.11936  2.36251  5.63981  4.44257    185 - -
          2.68618  4.42225  2.77519  2.73123  3.46354  2.40513  3.72494  3.29354  2.67741  2.69355  4.24690  2.90347  2.73739  3.18146  2.89801  2.37887  2.77519  2.98518  4.58477  3.61503
          0.01405  4.66783  5.39018  0.61958  0.77255  0.48576  0.95510
    141   2.76094  5.26756  2.58963  1.89126  4.60980  3.38350  3.42666  4.09455  1.98790  3.32890  4.30955  2.59979  3.92477  2.52972  2.95115  2.58051  2.50346  3.65679  5.70120  4.29057    186 - -
          2.68618  4.42225  2.77519  2.73123  3.46354  2.40513  3.72494  3.29354  2.67741  2.69355  4.24690  2.90347  2.73739  3.18146  2.89801  2.37887  2.77519  2.98518  4.58477  3.61503
          0.01405  4.66783  5.39018  0.61958  0.77255  0.48576  0.95510
    142   2.75133  5.22346  2.82007  2.06180  4.55270  3.39401  3.71972  3.71234  1.95352  3.23447  4.26834  2.39306  3.92410  2.65398  2.85922  2.51627  2.76068  3.02320  5.66567  3.85857    187 - -
          2.68618  4.42225  2.77519  2.73123  3.46354  2.40513  3.72494  3.29354  2.67741  2.69355  4.24690  2.90347  2.73739  3.18146  2.89801  2.37887  2.77519  2.98518  4.58477  3.61503
          0.01405  4.66783  5.39018  0.61958  0.77255  0.48576  0.95510
    143   3.81726  0.17020  5.36710  5.31670  5.25635  4.20951  5.81448  4.64499  5.20124  4.46308  5.62589  5.14527  4.95598  5.51003  5.16146  4.08295  4.34602  4.30614  6.39380  5.51695    188 - -
          2.68618  4.42225  2.77519  2.73123  3.46354  2.40513  3.72494  3.29354  2.67741  2.69355  4.24690  2.90347  2.73739  3.18146  2.89801  2.37887  2.77519  2.98518  4.58477  3.61503
          0.03983  4.66783  3.51818  0.61958  0.77255  0.48576  0.95510
    144   2.74962  5.07240  3.08228  2.35956  4.34955  3.55409  3.59162  3.10658  1.78110  2.63225  4.13216  2.94274  3.40720  2.50549  2.76593  2.75174  2.86858  3.01423  5.54665  4.18440    189 - -
          2.68618  4.42225  2.77519  2.73123  3.46354  2.40513  3.72494  3.29354  2.67741  2.69355  4.24690  2.90347  2.73739  3.18146  2.89801  2.37887  2.77519  2.98518  4.58477  3.61503
          0.01442  4.64242  5.36477  0.61958  0.77255  0.49623  0.93859
    145   2.75710  5.26489  2.41898  2.05896  4.60744  3.38450  3.71603  4.09258  2.03467  3.56896  4.30687  2.59298  3.92048  2.45552  2.88731  2.28001  2.63922  3.48975  5.69839  4.28731    190 - -
          2.68618  4.42225  2.77519  2.73123  3.46354  2.40513  3.72494  3.29354  2.67741  2.69355  4.24690  2.90347  2.73739  3.18146  2.89801  2.37887  2.77519  2.98518  4.58477  3.61503
          0.01424  4.65476  5.37711  0.61958  0.77255  0.46989  0.98102
    146   2.75265  3.50268  2.97287  2.50437  4.41533  3.54937  3.09085  3.16955  1.88424  3.40559  4.17888  2.46741  3.75051  2.33144  2.98152  2.74393  2.69250  3.48529  5.58939  3.82209    191 - -
          2.68618  4.42225  2.77519  2.73123  3.46354  2.40513  3.72494  3.29354  2.67741  2.69355  4.24690  2.90347  2.73739  3.18146  2.89801  2.37887  2.77519  2.98518  4.58477  3.61503
          0.01405  4.66783  5.39018  0.61958  0.77255  0.48576  0.95510
    147   2.70059  5.23707  2.92104  2.40479  4.56771  3.53548  1.96937  4.04258  2.36802  3.53507  4.28253  2.39174  3.30493  2.43660  2.81134  2.64511  2.91570  3.44615  5.67712  4.27634    192 - -
          2.68618  4.42225  2.77519  2.73123  3.46354  2.40513  3.72494  3.29354  2.67741  2.69355  4.24690  2.90347  2.73739  3.18146  2.89801  2.37887  2.77519  2.98518  4.58477  3.61503
          0.01405  4.66783  5.39018  0.61958  0.77255  0.48576  0.95510
    148   2.67340  5.26087  2.63572  2.12664  4.60280  3.29811  3.41310  4.08710  2.20054  3.40045  4.30266  2.42908  2.89164  2.65773  2.94726  2.22270  2.76601  3.64988  5.69513  4.28515    193 - -
          2.68618  4.42225  2.77519  2.73123  3.46354  2.40513  3.72494  3.29354  2.67741  2.69355  4.24690  2.90347  2.73739  3.18146  2.89801  2.37887  2.77519  2.98518  4.58477  3.61503
          0.01405  4.66783  5.39018  0.61958  0.77255  0.48576  0.95510
    149   2.76524  4.52982  2.31380  1.80639  4.61071  2.85708  3.72428  4.09508  2.38404  3.57349  4.31288  2.66237  2.90601  2.55803  2.86525  2.66275  2.99735  3.65853  5.70475  4.29386    194 - -
          2.68618  4.42225  2.77519  2.73123  3.46354  2.40513  3.72494  3.29354  2.67741  2.69355  4.24690  2.90347  2.73739  3.18146  2.89801  2.37887  2.77519  2.98518  4.58477  3.61503
          0.01405  4.66783  5.39018  0.61958  0.77255  0.48576  0.95510
    150   2.75735  3.74156  2.32705  1.89357  4.59562  3.39108  3.56417  4.07820  2.24378  3.55915  4.29895  2.40792  3.67599  2.66928  2.95088  2.51275  2.71363  3.64395  5.69218  4.28357    195 - -
          2.68618  4.42225  2.77519  2.73123  3.46354  2.40513  3.72494  3.29354  2.67741  2.69355  4.24690  2.90347  2.73739  3.18146  2.89801  2.37887  2.77519  2.98518  4.58477  3.61503
          0.01405  4.66783  5.39018  0.61958  0.77255  0.48576  0.95510
    151   2.65404  3.56644  2.59732  2.12583  4.58355  2.97842  3.71661  4.06443  2.08581  3.54806  4.28874  2.72400  3.42212  2.54981  2.94653  2.41143  2.57732  3.63259  5.68309  4.27641    196 - -
          2.68618  4.42225  2.77519  2.73123  3.46354  2.40513  3.72494  3.29354  2.67741  2.69355  4.24690  2.90347  2.73739  3.18146  2.89801  2.37887  2.77519  2.98518  4.58477  3.61503
          0.00948  4.66326        *  0.61958  0.77255  0.00000        *
//
